# position.dat
#
# Position data for simulation of WSN nodes
# Automatically generated with Python
# Version: 0.10, 2012-may-02
# Author: Marcus Lundén, SICS
# email: marcus.lunden@gmail.com
#
# Model used: Random Waypoint model
# Number of nodes: 3
# Time [s]: 600.0 seconds
# Min speed [m/s]: 1.0
# Max speed [m/s]: 2.0
# Min pause time [s]: 6.0
# Max pause time [s]: 12.0
# Currently disregarding the first 100.0 seconds
# Resolution [s]: 1.0
# Maximum X-size [m]: 180.0
# Maximum Y-size [m]: 180.0
# Note that nodes index here start at zero due to Cooja input format.
#    However, the nodes are indexed >=1 in stats file.
#
#==========================================
0 0.0 101.016171841 17.6513683789
1 0.0 38.1939184291 96.9795403239
2 0.0 66.1482161572 147.033655428
0 1.0 99.2898621662 17.5624451189
1 1.0 39.4911477641 95.9193655208
2 1.0 64.5534432703 147.820147178
0 2.0 97.5635524918 17.473521859
1 2.0 40.7883770992 94.8591907177
2 2.0 62.9586703834 148.606638928
0 3.0 95.8372428174 17.3845985991
1 3.0 42.0856064343 93.7990159146
2 3.0 61.3638974965 149.393130679
0 4.0 94.1109331429 17.2956753392
1 4.0 43.3828357694 92.7388411114
2 4.0 59.7691246096 150.179622429
0 5.0 92.3846234685 17.2067520793
1 5.0 44.6800651044 91.6786663083
2 5.0 58.1743517228 150.966114179
0 6.0 90.6583137941 17.1178288194
1 6.0 45.9772944395 90.6184915052
2 6.0 56.5795788359 151.752605929
0 7.0 88.9320041196 17.0289055595
1 7.0 47.2745237746 89.5583167021
2 7.0 54.984805949 152.53909768
0 8.0 87.2056944452 16.9399822996
1 8.0 48.5717531097 88.4981418989
2 8.0 53.3900330621 153.32558943
0 9.0 85.4793847708 16.8510590397
1 9.0 49.8689824447 87.4379670958
2 9.0 51.7952601752 154.11208118
0 10.0 83.7530750963 16.7621357798
1 10.0 51.1662117798 86.3777922927
2 10.0 50.2004872884 154.898572931
0 11.0 82.0267654219 16.6732125199
1 11.0 52.4634411149 85.3176174896
2 11.0 48.6057144015 155.685064681
0 12.0 80.3004557475 16.58428926
1 12.0 53.76067045 84.2574426864
2 12.0 47.0109415146 156.471556431
0 13.0 78.5741460731 16.4953660001
1 13.0 55.057899785 83.1972678833
2 13.0 45.4161686277 157.258048182
0 14.0 76.8478363986 16.4064427401
1 14.0 56.3551291201 82.1370930802
2 14.0 43.8213957408 158.044539932
0 15.0 75.1215267242 16.3175194802
1 15.0 57.6523584552 81.076918277
2 15.0 42.226622854 158.831031682
0 16.0 73.3952170498 16.2285962203
1 16.0 58.9495877903 80.0167434739
2 16.0 40.6318499671 159.617523433
0 17.0 71.6689073753 16.1396729604
1 17.0 60.2468171253 78.9565686708
2 17.0 39.0370770802 160.404015183
0 18.0 69.9425977009 16.0507497005
1 18.0 61.5440464604 77.8963938677
2 18.0 37.4423041933 161.190506933
0 19.0 68.2162880265 15.9618264406
1 19.0 62.8412757955 76.8362190645
2 19.0 35.8475313064 161.976998684
0 20.0 68.2162880265 15.9618264406
1 20.0 64.1385051306 75.7760442614
2 20.0 34.2527584196 162.763490434
0 21.0 68.2162880265 15.9618264406
1 21.0 65.4357344656 74.7158694583
2 21.0 32.6579855327 163.549982184
0 22.0 68.2162880265 15.9618264406
1 22.0 66.7329638007 73.6556946552
2 22.0 31.0632126458 164.336473934
0 23.0 68.2162880265 15.9618264406
1 23.0 68.0301931358 72.595519852
2 23.0 29.4684397589 165.122965685
0 24.0 68.2162880265 15.9618264406
1 24.0 69.3274224709 71.5353450489
2 24.0 27.873666872 165.909457435
0 25.0 68.2162880265 15.9618264406
1 25.0 70.6246518059 70.4751702458
2 25.0 26.2788939852 166.695949185
0 26.0 68.2162880265 15.9618264406
1 26.0 71.921881141 69.4149954427
2 26.0 24.6841210983 167.482440936
0 27.0 68.2162880265 15.9618264406
1 27.0 73.2191104761 68.3548206395
2 27.0 23.0893482114 168.268932686
0 28.0 68.2162880265 15.9618264406
1 28.0 74.5163398111 67.2946458364
2 28.0 21.4945753245 169.055424436
0 29.0 67.9466374538 17.2382899712
1 29.0 75.8135691462 66.2344710333
2 29.0 19.8998024376 169.841916187
0 30.0 67.6769868811 18.5147535018
1 30.0 77.1107984813 65.1742962302
2 30.0 18.3050295508 170.628407937
0 31.0 67.4073363084 19.7912170325
1 31.0 78.4080278164 64.114121427
2 31.0 16.7102566639 171.414899687
0 32.0 67.1376857357 21.0676805631
1 32.0 79.7052571514 63.0539466239
2 32.0 15.115483777 172.201391438
0 33.0 66.868035163 22.3441440937
1 33.0 81.0024864865 61.9937718208
2 33.0 15.115483777 172.201391438
0 34.0 66.5983845903 23.6206076243
1 34.0 82.2997158216 60.9335970177
2 34.0 15.115483777 172.201391438
0 35.0 66.3287340176 24.8970711549
1 35.0 83.5969451567 59.8734222145
2 35.0 15.115483777 172.201391438
0 36.0 66.0590834449 26.1735346855
1 36.0 84.8941744917 58.8132474114
2 36.0 15.115483777 172.201391438
0 37.0 65.7894328722 27.4499982162
1 37.0 86.1914038268 57.7530726083
2 37.0 15.115483777 172.201391438
0 38.0 65.5197822995 28.7264617468
1 38.0 87.4886331619 56.6928978052
2 38.0 15.115483777 172.201391438
0 39.0 65.2501317268 30.0029252774
1 39.0 88.785862497 55.632723002
2 39.0 15.115483777 172.201391438
0 40.0 64.9804811541 31.279388808
1 40.0 90.083091832 54.5725481989
2 40.0 15.115483777 172.201391438
0 41.0 64.7108305814 32.5558523386
1 41.0 91.3803211671 53.5123733958
2 41.0 15.3198172453 170.841913568
0 42.0 64.4411800087 33.8323158693
1 42.0 92.6775505022 52.4521985927
2 42.0 15.5241507136 169.482435699
0 43.0 64.171529436 35.1087793999
1 43.0 93.9747798373 51.3920237895
2 43.0 15.7284841819 168.12295783
0 44.0 63.9018788633 36.3852429305
1 44.0 95.2720091723 50.3318489864
2 44.0 15.9328176502 166.763479961
0 45.0 63.6322282906 37.6617064611
1 45.0 96.5692385074 49.2716741833
2 45.0 16.1371511185 165.404002092
0 46.0 63.3625777179 38.9381699917
1 46.0 97.8664678425 48.2114993801
2 46.0 16.3414845868 164.044524222
0 47.0 63.0929271452 40.2146335223
1 47.0 99.1636971776 47.151324577
2 47.0 16.5458180551 162.685046353
0 48.0 62.8232765725 41.491097053
1 48.0 100.460926513 46.0911497739
2 48.0 16.7501515234 161.325568484
0 49.0 62.5536259998 42.7675605836
1 49.0 101.758155848 45.0309749708
2 49.0 16.9544849916 159.966090615
0 50.0 62.2839754271 44.0440241142
1 50.0 103.055385183 43.9708001676
2 50.0 17.1588184599 158.606612746
0 51.0 62.0143248544 45.3204876448
1 51.0 104.352614518 42.9106253645
2 51.0 17.3631519282 157.247134876
0 52.0 61.7446742817 46.5969511754
1 52.0 105.649843853 41.8504505614
2 52.0 17.5674853965 155.887657007
0 53.0 61.475023709 47.8734147061
1 53.0 106.947073188 40.7902757583
2 53.0 17.7718188648 154.528179138
0 54.0 61.2053731363 49.1498782367
1 54.0 108.244302523 39.7301009551
2 54.0 17.9761523331 153.168701269
0 55.0 60.9357225636 50.4263417673
1 55.0 109.541531858 38.669926152
2 55.0 18.1804858014 151.8092234
0 56.0 60.6660719909 51.7028052979
1 56.0 110.838761193 37.6097513489
2 56.0 18.3848192697 150.44974553
0 57.0 60.3964214182 52.9792688285
1 57.0 112.135990528 36.5495765458
2 57.0 18.589152738 149.090267661
0 58.0 60.1267708455 54.2557323591
1 58.0 113.433219863 35.4894017426
2 58.0 18.7934862063 147.730789792
0 59.0 59.8571202728 55.5321958898
1 59.0 114.730449198 34.4292269395
2 59.0 18.9978196746 146.371311923
0 60.0 59.5874697001 56.8086594204
1 60.0 116.027678534 33.3690521364
2 60.0 19.2021531429 145.011834054
0 61.0 59.3178191274 58.085122951
1 61.0 117.324907869 32.3088773333
2 61.0 19.4064866112 143.652356184
0 62.0 59.0481685547 59.3615864816
1 62.0 118.622137204 31.2487025301
2 62.0 19.6108200795 142.292878315
0 63.0 58.778517982 60.6380500122
1 63.0 119.919366539 30.188527727
2 63.0 19.8151535477 140.933400446
0 64.0 58.5088674093 61.9145135429
1 64.0 119.919366539 30.188527727
2 64.0 20.019487016 139.573922577
0 65.0 58.2392168366 63.1909770735
1 65.0 119.919366539 30.188527727
2 65.0 20.2238204843 138.214444708
0 66.0 57.9695662639 64.4674406041
1 66.0 119.919366539 30.188527727
2 66.0 20.4281539526 136.854966838
0 67.0 57.6999156912 65.7439041347
1 67.0 119.919366539 30.188527727
2 67.0 20.6324874209 135.495488969
0 68.0 57.4302651185 67.0203676653
1 68.0 119.919366539 30.188527727
2 68.0 20.8368208892 134.1360111
0 69.0 57.1606145458 68.2968311959
1 69.0 119.919366539 30.188527727
2 69.0 21.0411543575 132.776533231
0 70.0 56.8909639731 69.5732947266
1 70.0 119.919366539 30.188527727
2 70.0 21.2454878258 131.417055362
0 71.0 56.6213134004 70.8497582572
1 71.0 119.400926265 31.093774575
2 71.0 21.4498212941 130.057577492
0 72.0 56.3516628277 72.1262217878
1 72.0 118.882485992 31.999021423
2 72.0 21.6541547624 128.698099623
0 73.0 56.3516628277 72.1262217878
1 73.0 118.364045719 32.904268271
2 73.0 21.8584882307 127.338621754
0 74.0 56.3516628277 72.1262217878
1 74.0 117.845605445 33.809515119
2 74.0 22.062821699 125.979143885
0 75.0 56.3516628277 72.1262217878
1 75.0 117.327165172 34.714761967
2 75.0 22.2671551673 124.619666016
0 76.0 56.3516628277 72.1262217878
1 76.0 116.808724899 35.6200088149
2 76.0 22.4714886356 123.260188146
0 77.0 56.3516628277 72.1262217878
1 77.0 116.290284625 36.5252556629
2 77.0 22.6758221038 121.900710277
0 78.0 56.3516628277 72.1262217878
1 78.0 115.771844352 37.4305025109
2 78.0 22.8801555721 120.541232408
0 79.0 56.3516628277 72.1262217878
1 79.0 115.253404079 38.3357493589
2 79.0 23.0844890404 119.181754539
0 80.0 56.3516628277 72.1262217878
1 80.0 114.734963806 39.2409962069
2 80.0 23.2888225087 117.82227667
0 81.0 56.3516628277 72.1262217878
1 81.0 114.216523532 40.1462430549
2 81.0 23.493155977 116.4627988
0 82.0 56.3516628277 72.1262217878
1 82.0 113.698083259 41.0514899029
2 82.0 23.6974894453 115.103320931
0 83.0 56.3516628277 72.1262217878
1 83.0 113.179642986 41.9567367509
2 83.0 23.9018229136 113.743843062
0 84.0 56.9391777571 73.5832705553
1 84.0 112.661202712 42.8619835988
2 84.0 24.1061563819 112.384365193
0 85.0 57.5266926866 75.0403193228
1 85.0 112.142762439 43.7672304468
2 85.0 24.3104898502 111.024887324
0 86.0 58.1142076161 76.4973680903
1 86.0 111.624322166 44.6724772948
2 86.0 24.5148233185 109.665409454
0 87.0 58.7017225456 77.9544168578
1 87.0 111.105881892 45.5777241428
2 87.0 24.7191567868 108.305931585
0 88.0 59.2892374751 79.4114656253
1 88.0 110.587441619 46.4829709908
2 88.0 24.9234902551 106.946453716
0 89.0 59.8767524046 80.8685143928
1 89.0 110.069001346 47.3882178388
2 89.0 25.1278237234 105.586975847
0 90.0 60.4642673341 82.3255631603
1 90.0 109.550561072 48.2934646868
2 90.0 25.3321571916 104.227497978
0 91.0 61.0517822635 83.7826119278
1 91.0 109.032120799 49.1987115348
2 91.0 25.5364906599 102.868020108
0 92.0 61.639297193 85.2396606953
1 92.0 108.513680526 50.1039583827
2 92.0 25.7408241282 101.508542239
0 93.0 62.2268121225 86.6967094628
1 93.0 107.995240252 51.0092052307
2 93.0 25.9451575965 100.14906437
0 94.0 62.814327052 88.1537582303
1 94.0 107.476799979 51.9144520787
2 94.0 26.1494910648 98.7895865007
0 95.0 63.4018419815 89.6108069978
1 95.0 106.958359706 52.8196989267
2 95.0 26.3538245331 97.4301086315
0 96.0 63.989356911 91.0678557653
1 96.0 106.439919432 53.7249457747
2 96.0 26.5581580014 96.0706307623
0 97.0 64.5768718405 92.5249045328
1 97.0 105.921479159 54.6301926227
2 97.0 26.7624914697 94.7111528931
0 98.0 65.1643867699 93.9819533003
1 98.0 105.403038886 55.5354394707
2 98.0 26.966824938 93.3516750239
0 99.0 65.7519016994 95.4390020678
1 99.0 104.884598612 56.4406863187
2 99.0 27.1711584063 91.9921971547
0 100.0 66.3394166289 96.8960508352
1 100.0 104.366158339 57.3459331666
2 100.0 27.3754918746 90.6327192855
0 101.0 66.9269315584 98.3530996027
1 101.0 103.847718066 58.2511800146
2 101.0 27.5798253429 89.2732414163
0 102.0 67.5144464879 99.8101483702
1 102.0 103.329277792 59.1564268626
2 102.0 27.7841588112 87.9137635471
0 103.0 68.1019614174 101.267197138
1 103.0 102.810837519 60.0616737106
2 103.0 27.9884922795 86.5542856779
0 104.0 68.6894763468 102.724245905
1 104.0 102.292397246 60.9669205586
2 104.0 28.1928257477 85.1948078087
0 105.0 69.2769912763 104.181294673
1 105.0 101.773956973 61.8721674066
2 105.0 28.397159216 83.8353299395
0 106.0 69.8645062058 105.63834344
1 106.0 101.255516699 62.7774142546
2 106.0 28.6014926843 82.4758520703
0 107.0 70.4520211353 107.095392208
1 107.0 100.737076426 63.6826611026
2 107.0 28.8058261526 81.1163742011
0 108.0 71.0395360648 108.552440975
1 108.0 100.218636153 64.5879079506
2 108.0 29.0101596209 79.7568963319
0 109.0 71.6270509943 110.009489743
1 109.0 99.7001958792 65.4931547985
2 109.0 29.2144930892 78.3974184627
0 110.0 72.2145659238 111.46653851
1 110.0 99.1817556059 66.3984016465
2 110.0 29.4188265575 77.0379405935
0 111.0 72.8020808532 112.923587278
1 111.0 98.6633153326 67.3036484945
2 111.0 29.6231600258 75.6784627243
0 112.0 73.3895957827 114.380636045
1 112.0 98.1448750593 68.2088953425
2 112.0 29.8274934941 74.3189848551
0 113.0 73.9771107122 115.837684813
1 113.0 97.6264347859 69.1141421905
2 113.0 30.0318269624 72.9595069859
0 114.0 74.5646256417 117.29473358
1 114.0 97.1079945126 70.0193890385
2 114.0 30.2361604307 71.6000291167
0 115.0 75.1521405712 118.751782348
1 115.0 96.5895542393 70.9246358865
2 115.0 30.440493899 70.2405512475
0 116.0 75.7396555007 120.208831115
1 116.0 96.071113966 71.8298827345
2 116.0 30.6448273673 68.8810733783
0 117.0 76.3271704302 121.665879883
1 117.0 95.5526736927 72.7351295824
2 117.0 30.8491608356 67.5215955091
0 118.0 76.9146853596 123.12292865
1 118.0 95.0342334193 73.6403764304
2 118.0 31.0534943038 66.1621176399
0 119.0 77.5022002891 124.579977418
1 119.0 94.515793146 74.5456232784
2 119.0 31.2578277721 64.8026397707
0 120.0 78.0897152186 126.037026185
1 120.0 93.9973528727 75.4508701264
2 120.0 31.4621612404 63.4431619015
0 121.0 78.6772301481 127.494074953
1 121.0 93.4789125994 76.3561169744
2 121.0 31.6664947087 62.0836840323
0 122.0 79.2647450776 128.95112372
1 122.0 92.960472326 77.2613638224
2 122.0 31.870828177 60.7242061631
0 123.0 79.8522600071 130.408172488
1 123.0 92.4420320527 78.1666106704
2 123.0 32.0751616453 59.3647282939
0 124.0 80.4397749366 131.865221255
1 124.0 91.9235917794 79.0718575184
2 124.0 32.2794951136 58.0052504247
0 125.0 81.027289866 133.322270023
1 125.0 91.4051515061 79.9771043663
2 125.0 32.4838285819 56.6457725555
0 126.0 81.6148047955 134.77931879
1 126.0 90.8867112328 80.8823512143
2 126.0 32.6881620502 55.2862946863
0 127.0 82.202319725 136.236367558
1 127.0 90.3682709594 81.7875980623
2 127.0 32.8924955185 53.9268168171
0 128.0 82.7898346545 137.693416325
1 128.0 89.8498306861 82.6928449103
2 128.0 33.0968289868 52.5673389479
0 129.0 83.377349584 139.150465093
1 129.0 89.3313904128 83.5980917583
2 129.0 33.0968289868 52.5673389479
0 130.0 83.9648645135 140.60751386
1 130.0 88.8129501395 84.5033386063
2 130.0 33.0968289868 52.5673389479
0 131.0 84.5523794429 142.064562628
1 131.0 88.2945098662 85.4085854543
2 131.0 33.0968289868 52.5673389479
0 132.0 85.1398943724 143.521611395
1 132.0 87.7760695928 86.3138323023
2 132.0 33.0968289868 52.5673389479
0 133.0 85.7274093019 144.978660163
1 133.0 87.2576293195 87.2190791502
2 133.0 33.0968289868 52.5673389479
0 134.0 86.3149242314 146.43570893
1 134.0 86.7391890462 88.1243259982
2 134.0 33.0968289868 52.5673389479
0 135.0 86.9024391609 147.892757698
1 135.0 86.2207487729 89.0295728462
2 135.0 33.0968289868 52.5673389479
0 136.0 87.4899540904 149.349806465
1 136.0 85.7023084996 89.9348196942
2 136.0 33.9989133939 53.101197963
0 137.0 88.0774690199 150.806855233
1 137.0 85.1838682262 90.8400665422
2 137.0 34.9009978011 53.635056978
0 138.0 88.6649839493 152.263904
1 138.0 84.6654279529 91.7453133902
2 138.0 35.8030822083 54.1689159931
0 139.0 89.2524988788 153.720952768
1 139.0 84.1469876796 92.6505602382
2 139.0 36.7051666154 54.7027750082
0 140.0 89.8400138083 155.178001535
1 140.0 83.6285474063 93.5558070862
2 140.0 37.6072510226 55.2366340233
0 141.0 90.4275287378 156.635050303
1 141.0 83.1101071329 94.4610539342
2 141.0 38.5093354298 55.7704930384
0 142.0 91.0150436673 158.09209907
1 142.0 82.5916668596 95.3663007821
2 142.0 39.4114198369 56.3043520534
0 143.0 91.6025585968 159.549147838
1 143.0 82.0732265863 96.2715476301
2 143.0 40.3135042441 56.8382110685
0 144.0 92.1900735263 161.006196605
1 144.0 81.554786313 97.1767944781
2 144.0 41.2155886513 57.3720700836
0 145.0 92.7775884557 162.463245373
1 145.0 81.0363460397 98.0820413261
2 145.0 42.1176730584 57.9059290987
0 146.0 93.3651033852 163.92029414
1 146.0 80.5179057663 98.9872881741
2 146.0 43.0197574656 58.4397881138
0 147.0 93.9526183147 165.377342908
1 147.0 79.999465493 99.8925350221
2 147.0 43.9218418727 58.9736471288
0 148.0 94.5401332442 166.834391675
1 148.0 79.4810252197 100.79778187
2 148.0 44.8239262799 59.5075061439
0 149.0 95.1276481737 168.291440443
1 149.0 78.9625849464 101.703028718
2 149.0 45.7260106871 60.041365159
0 150.0 95.7151631032 169.74848921
1 150.0 78.4441446731 102.608275566
2 150.0 46.6280950942 60.5752241741
0 151.0 96.3026780327 171.205537978
1 151.0 77.9257043997 103.513522414
2 151.0 47.5301795014 61.1090831891
0 152.0 96.8901929621 172.662586745
1 152.0 77.4072641264 104.418769262
2 152.0 48.4322639086 61.6429422042
0 153.0 97.4777078916 174.119635513
1 153.0 76.8888238531 105.32401611
2 153.0 49.3343483157 62.1768012193
0 154.0 98.0652228211 175.57668428
1 154.0 76.3703835798 106.229262958
2 154.0 50.2364327229 62.7106602344
0 155.0 98.6527377506 177.033733048
1 155.0 75.8519433065 107.134509806
2 155.0 51.1385171301 63.2445192495
0 156.0 99.2402526801 178.490781815
1 156.0 75.3335030331 108.039756654
2 156.0 52.0406015372 63.7783782645
0 157.0 99.2402526801 178.490781815
1 157.0 74.8150627598 108.945003502
2 157.0 52.9426859444 64.3122372796
0 158.0 99.2402526801 178.490781815
1 158.0 74.2966224865 109.85025035
2 158.0 53.8447703516 64.8460962947
0 159.0 99.2402526801 178.490781815
1 159.0 73.7781822132 110.755497198
2 159.0 54.7468547587 65.3799553098
0 160.0 99.2402526801 178.490781815
1 160.0 73.2597419398 111.660744046
2 160.0 55.6489391659 65.9138143249
0 161.0 99.2402526801 178.490781815
1 161.0 72.7413016665 112.565990894
2 161.0 56.551023573 66.4476733399
0 162.0 99.2402526801 178.490781815
1 162.0 72.2228613932 113.471237742
2 162.0 57.4531079802 66.981532355
0 163.0 99.2402526801 178.490781815
1 163.0 71.7044211199 114.37648459
2 163.0 58.3551923874 67.5153913701
0 164.0 99.2402526801 178.490781815
1 164.0 71.1859808466 115.281731438
2 164.0 59.2572767945 68.0492503852
0 165.0 99.2402526801 178.490781815
1 165.0 70.6675405732 116.186978286
2 165.0 60.1593612017 68.5831094003
0 166.0 99.2402526801 178.490781815
1 166.0 70.1491002999 117.092225134
2 166.0 61.0614456089 69.1169684153
0 167.0 100.597619238 177.377646498
1 167.0 69.6306600266 117.997471982
2 167.0 61.963530016 69.6508274304
0 168.0 101.954985797 176.264511182
1 168.0 69.1122197533 118.90271883
2 168.0 62.8656144232 70.1846864455
0 169.0 103.312352355 175.151375865
1 169.0 68.59377948 119.807965678
2 169.0 63.7676988304 70.7185454606
0 170.0 104.669718913 174.038240548
1 170.0 68.0753392066 120.713212526
2 170.0 64.6697832375 71.2524044757
0 171.0 106.027085471 172.925105232
1 171.0 67.5568989333 121.618459374
2 171.0 65.5718676447 71.7862634907
0 172.0 107.38445203 171.811969915
1 172.0 67.03845866 122.523706222
2 172.0 66.4739520519 72.3201225058
0 173.0 108.741818588 170.698834598
1 173.0 66.5200183867 123.42895307
2 173.0 67.376036459 72.8539815209
0 174.0 110.099185146 169.585699282
1 174.0 66.0015781133 124.334199918
2 174.0 68.2781208662 73.387840536
0 175.0 111.456551704 168.472563965
1 175.0 65.48313784 125.239446766
2 175.0 69.1802052733 73.9216995511
0 176.0 112.813918263 167.359428648
1 176.0 64.9646975667 126.144693614
2 176.0 70.0822896805 74.4555585661
0 177.0 114.171284821 166.246293332
1 177.0 64.4462572934 127.049940462
2 177.0 70.9843740877 74.9894175812
0 178.0 115.528651379 165.133158015
1 178.0 63.9278170201 127.95518731
2 178.0 71.8864584948 75.5232765963
0 179.0 116.886017937 164.020022698
1 179.0 63.4093767467 128.860434158
2 179.0 72.788542902 76.0571356114
0 180.0 118.243384496 162.906887381
1 180.0 62.8909364734 129.765681006
2 180.0 73.6906273092 76.5909946265
0 181.0 119.600751054 161.793752065
1 181.0 62.3724962001 130.670927854
2 181.0 74.5927117163 77.1248536415
0 182.0 120.958117612 160.680616748
1 182.0 61.8540559268 131.576174702
2 182.0 75.4947961235 77.6587126566
0 183.0 122.31548417 159.567481431
1 183.0 61.3356156535 132.48142155
2 183.0 76.3968805307 78.1925716717
0 184.0 123.672850729 158.454346115
1 184.0 60.8171753801 133.386668398
2 184.0 77.2989649378 78.7264306868
0 185.0 125.030217287 157.341210798
1 185.0 60.2987351068 134.291915246
2 185.0 78.201049345 79.2602897018
0 186.0 126.387583845 156.228075481
1 186.0 59.7802948335 135.197162094
2 186.0 79.1031337522 79.7941487169
0 187.0 127.744950403 155.114940165
1 187.0 59.2618545602 136.102408942
2 187.0 80.0052181593 80.328007732
0 188.0 129.102316962 154.001804848
1 188.0 58.7434142869 137.00765579
2 188.0 80.9073025665 80.8618667471
0 189.0 130.45968352 152.888669531
1 189.0 58.2249740135 137.912902638
2 189.0 81.8093869736 81.3957257622
0 190.0 131.817050078 151.775534215
1 190.0 57.7065337402 138.818149486
2 190.0 82.7114713808 81.9295847772
0 191.0 133.174416637 150.662398898
1 191.0 57.1880934669 139.723396334
2 191.0 83.613555788 82.4634437923
0 192.0 134.531783195 149.549263581
1 192.0 56.6696531936 140.628643182
2 192.0 84.5156401951 82.9973028074
0 193.0 135.889149753 148.436128265
1 193.0 56.1512129202 141.53389003
2 193.0 85.4177246023 83.5311618225
0 194.0 137.246516311 147.322992948
1 194.0 55.6327726469 142.439136878
2 194.0 85.4177246023 83.5311618225
0 195.0 138.60388287 146.209857631
1 195.0 55.1143323736 143.344383725
2 195.0 85.4177246023 83.5311618225
0 196.0 139.961249428 145.096722315
1 196.0 54.5958921003 144.249630573
2 196.0 85.4177246023 83.5311618225
0 197.0 141.318615986 143.983586998
1 197.0 54.077451827 145.154877421
2 197.0 85.4177246023 83.5311618225
0 198.0 142.675982544 142.870451681
1 198.0 53.5590115536 146.060124269
2 198.0 85.4177246023 83.5311618225
0 199.0 144.033349103 141.757316364
1 199.0 53.0405712803 146.965371117
2 199.0 85.4177246023 83.5311618225
0 200.0 145.390715661 140.644181048
1 200.0 52.522131007 147.870617965
2 200.0 85.4177246023 83.5311618225
0 201.0 146.748082219 139.531045731
1 201.0 52.0036907337 148.775864813
2 201.0 85.4177246023 83.5311618225
0 202.0 148.105448777 138.417910414
1 202.0 51.4852504604 149.681111661
2 202.0 85.4177246023 83.5311618225
0 203.0 149.462815336 137.304775098
1 203.0 50.966810187 150.586358509
2 203.0 85.4177246023 83.5311618225
0 204.0 150.820181894 136.191639781
1 204.0 50.4483699137 151.491605357
2 204.0 85.4177246023 83.5311618225
0 205.0 152.177548452 135.078504464
1 205.0 49.9299296404 152.396852205
2 205.0 86.1209187768 85.3043133071
0 206.0 153.53491501 133.965369148
1 206.0 49.4114893671 153.302099053
2 206.0 86.8241129514 87.0774647918
0 207.0 154.892281569 132.852233831
1 207.0 48.8930490938 154.207345901
2 207.0 87.5273071259 88.8506162765
0 208.0 156.249648127 131.739098514
1 208.0 48.3746088204 155.112592749
2 208.0 88.2305013005 90.6237677611
0 209.0 157.607014685 130.625963198
1 209.0 47.8561685471 156.017839597
2 209.0 88.933695475 92.3969192458
0 210.0 158.964381243 129.512827881
1 210.0 47.3377282738 156.923086445
2 210.0 89.6368896495 94.1700707305
0 211.0 160.321747802 128.399692564
1 211.0 46.8192880005 157.828333293
2 211.0 90.3400838241 95.9432222151
0 212.0 161.67911436 127.286557248
1 212.0 46.8192880005 157.828333293
2 212.0 91.0432779986 97.7163736998
0 213.0 163.036480918 126.173421931
1 213.0 46.8192880005 157.828333293
2 213.0 91.7464721731 99.4895251845
0 214.0 164.393847476 125.060286614
1 214.0 46.8192880005 157.828333293
2 214.0 92.4496663477 101.262676669
0 215.0 165.751214035 123.947151297
1 215.0 46.8192880005 157.828333293
2 215.0 93.1528605222 103.035828154
0 216.0 167.108580593 122.834015981
1 216.0 46.8192880005 157.828333293
2 216.0 93.8560546968 104.808979638
0 217.0 168.465947151 121.720880664
1 217.0 46.8192880005 157.828333293
2 217.0 94.5592488713 106.582131123
0 218.0 169.823313709 120.607745347
1 218.0 46.8192880005 157.828333293
2 218.0 95.2624430458 108.355282608
0 219.0 171.180680268 119.494610031
1 219.0 46.8192880005 157.828333293
2 219.0 95.9656372204 110.128434092
0 220.0 172.538046826 118.381474714
1 220.0 46.8192880005 157.828333293
2 220.0 96.6688313949 111.901585577
0 221.0 173.895413384 117.268339397
1 221.0 48.1338468329 156.623261888
2 221.0 97.3720255694 113.674737062
0 222.0 173.895413384 117.268339397
1 222.0 49.4484056653 155.418190483
2 222.0 98.075219744 115.447888546
0 223.0 173.895413384 117.268339397
1 223.0 50.7629644976 154.213119078
2 223.0 98.7784139185 117.221040031
0 224.0 173.895413384 117.268339397
1 224.0 52.07752333 153.008047673
2 224.0 99.4816080931 118.994191516
0 225.0 173.895413384 117.268339397
1 225.0 53.3920821624 151.802976268
2 225.0 100.184802268 120.767343
0 226.0 173.895413384 117.268339397
1 226.0 54.7066409948 150.597904863
2 226.0 100.887996442 122.540494485
0 227.0 173.895413384 117.268339397
1 227.0 56.0211998272 149.392833458
2 227.0 101.591190617 124.31364597
0 228.0 173.895413384 117.268339397
1 228.0 57.3357586596 148.187762053
2 228.0 102.294384791 126.086797454
0 229.0 173.895413384 117.268339397
1 229.0 58.650317492 146.982690648
2 229.0 102.997578966 127.859948939
0 230.0 173.895413384 117.268339397
1 230.0 59.9648763244 145.777619243
2 230.0 103.70077314 129.633100424
0 231.0 173.895413384 117.268339397
1 231.0 61.2794351568 144.572547838
2 231.0 104.403967315 131.406251908
0 232.0 172.524474475 116.777183003
1 232.0 62.5939939892 143.367476433
2 232.0 105.107161489 133.179403393
0 233.0 171.153535566 116.286026608
1 233.0 63.9085528216 142.162405028
2 233.0 105.810355664 134.952554878
0 234.0 169.782596657 115.794870214
1 234.0 65.223111654 140.957333623
2 234.0 106.513549838 136.725706362
0 235.0 168.411657748 115.303713819
1 235.0 66.5376704864 139.752262218
2 235.0 107.216744013 138.498857847
0 236.0 167.040718839 114.812557425
1 236.0 67.8522293187 138.547190813
2 236.0 107.919938188 140.272009332
0 237.0 165.669779929 114.32140103
1 237.0 69.1667881511 137.342119408
2 237.0 108.623132362 142.045160816
0 238.0 164.29884102 113.830244635
1 238.0 70.4813469835 136.137048003
2 238.0 109.326326537 143.818312301
0 239.0 162.927902111 113.339088241
1 239.0 71.7959058159 134.931976598
2 239.0 110.029520711 145.591463786
0 240.0 161.556963202 112.847931846
1 240.0 73.1104646483 133.726905193
2 240.0 110.732714886 147.36461527
0 241.0 160.186024293 112.356775452
1 241.0 74.4250234807 132.521833788
2 241.0 111.43590906 149.137766755
0 242.0 158.815085384 111.865619057
1 242.0 75.7395823131 131.316762383
2 242.0 112.139103235 150.91091824
0 243.0 157.444146475 111.374462663
1 243.0 77.0541411455 130.111690978
2 243.0 112.842297409 152.684069724
0 244.0 156.073207565 110.883306268
1 244.0 78.3686999779 128.906619573
2 244.0 113.545491584 154.457221209
0 245.0 154.702268656 110.392149874
1 245.0 79.6832588103 127.701548168
2 245.0 114.248685758 156.230372694
0 246.0 153.331329747 109.900993479
1 246.0 80.9978176427 126.496476763
2 246.0 114.951879933 158.003524178
0 247.0 151.960390838 109.409837084
1 247.0 82.3123764751 125.291405358
2 247.0 115.655074107 159.776675663
0 248.0 150.589451929 108.91868069
1 248.0 83.6269353074 124.086333953
2 248.0 116.358268282 161.549827148
0 249.0 149.21851302 108.427524295
1 249.0 84.9414941398 122.881262548
2 249.0 117.061462456 163.322978632
0 250.0 147.847574111 107.936367901
1 250.0 86.2560529722 121.676191143
2 250.0 117.764656631 165.096130117
0 251.0 146.476635202 107.445211506
1 251.0 87.5706118046 120.471119738
2 251.0 118.467850806 166.869281602
0 252.0 145.105696292 106.954055112
1 252.0 88.885170637 119.266048333
2 252.0 119.17104498 168.642433086
0 253.0 143.734757383 106.462898717
1 253.0 90.1997294694 118.060976928
2 253.0 119.874239155 170.415584571
0 254.0 142.363818474 105.971742323
1 254.0 91.5142883018 116.855905523
2 254.0 120.577433329 172.188736056
0 255.0 140.992879565 105.480585928
1 255.0 92.8288471342 115.650834118
2 255.0 121.280627504 173.96188754
0 256.0 139.621940656 104.989429533
1 256.0 94.1434059666 114.445762713
2 256.0 121.280627504 173.96188754
0 257.0 138.251001747 104.498273139
1 257.0 95.457964799 113.240691308
2 257.0 121.280627504 173.96188754
0 258.0 136.880062838 104.007116744
1 258.0 96.7725236314 112.035619903
2 258.0 121.280627504 173.96188754
0 259.0 135.509123928 103.51596035
1 259.0 98.0870824638 110.830548498
2 259.0 121.280627504 173.96188754
0 260.0 134.138185019 103.024803955
1 260.0 99.4016412962 109.625477093
2 260.0 121.280627504 173.96188754
0 261.0 132.76724611 102.533647561
1 261.0 100.716200129 108.420405688
2 261.0 121.280627504 173.96188754
0 262.0 131.396307201 102.042491166
1 262.0 102.030758961 107.215334283
2 262.0 121.280627504 173.96188754
0 263.0 130.025368292 101.551334771
1 263.0 103.345317793 106.010262878
2 263.0 121.280627504 173.96188754
0 264.0 128.654429383 101.060178377
1 264.0 104.659876626 104.805191473
2 264.0 121.280627504 173.96188754
0 265.0 127.283490474 100.569021982
1 265.0 105.974435458 103.600120068
2 265.0 121.280627504 173.96188754
0 266.0 127.283490474 100.569021982
1 266.0 107.288994291 102.395048663
2 266.0 121.280627504 173.96188754
0 267.0 127.283490474 100.569021982
1 267.0 108.603553123 101.189977258
2 267.0 120.611416333 172.632347906
0 268.0 127.283490474 100.569021982
1 268.0 109.918111955 99.9849058531
2 268.0 119.942205162 171.302808273
0 269.0 127.283490474 100.569021982
1 269.0 111.232670788 98.7798344481
2 269.0 119.272993991 169.973268639
0 270.0 127.283490474 100.569021982
1 270.0 112.54722962 97.5747630431
2 270.0 118.603782819 168.643729005
0 271.0 127.283490474 100.569021982
1 271.0 113.861788452 96.3696916381
2 271.0 117.934571648 167.314189371
0 272.0 127.283490474 100.569021982
1 272.0 115.176347285 95.1646202331
2 272.0 117.265360477 165.984649737
0 273.0 127.283490474 100.569021982
1 273.0 116.490906117 93.9595488281
2 273.0 116.596149306 164.655110103
0 274.0 127.283490474 100.569021982
1 274.0 117.80546495 92.7544774231
2 274.0 115.926938135 163.325570469
0 275.0 127.283490474 100.569021982
1 275.0 119.120023782 91.5494060181
2 275.0 115.257726964 161.996030835
0 276.0 127.283490474 100.569021982
1 276.0 120.434582614 90.3443346131
2 276.0 114.588515793 160.666491201
0 277.0 126.207956571 100.805186146
1 277.0 121.749141447 89.1392632081
2 277.0 113.919304622 159.336951567
0 278.0 125.132422668 101.04135031
1 278.0 123.063700279 87.9341918031
2 278.0 113.250093451 158.007411934
0 279.0 124.056888765 101.277514474
1 279.0 124.378259112 86.7291203981
2 279.0 112.58088228 156.6778723
0 280.0 122.981354862 101.513678637
1 280.0 125.692817944 85.524048993
2 280.0 111.911671109 155.348332666
0 281.0 121.905820959 101.749842801
1 281.0 127.007376776 84.318977588
2 281.0 111.242459938 154.018793032
0 282.0 120.830287056 101.986006965
1 282.0 128.321935609 83.113906183
2 282.0 110.573248767 152.689253398
0 283.0 119.754753153 102.222171129
1 283.0 129.636494441 81.908834778
2 283.0 109.904037596 151.359713764
0 284.0 118.67921925 102.458335292
1 284.0 130.951053274 80.703763373
2 284.0 109.234826425 150.03017413
0 285.0 117.603685346 102.694499456
1 285.0 132.265612106 79.498691968
2 285.0 108.565615254 148.700634496
0 286.0 116.528151443 102.93066362
1 286.0 133.580170938 78.293620563
2 286.0 107.896404083 147.371094862
0 287.0 115.45261754 103.166827784
1 287.0 134.894729771 77.088549158
2 287.0 107.227192912 146.041555228
0 288.0 114.377083637 103.402991947
1 288.0 136.209288603 75.883477753
2 288.0 106.55798174 144.712015595
0 289.0 113.301549734 103.639156111
1 289.0 137.523847436 74.678406348
2 289.0 105.888770569 143.382475961
0 290.0 112.226015831 103.875320275
1 290.0 138.838406268 73.473334943
2 290.0 105.219559398 142.052936327
0 291.0 111.150481928 104.111484439
1 291.0 140.1529651 72.268263538
2 291.0 104.550348227 140.723396693
0 292.0 110.074948025 104.347648602
1 292.0 141.467523933 71.063192133
2 292.0 103.881137056 139.393857059
0 293.0 108.999414122 104.583812766
1 293.0 142.782082765 69.858120728
2 293.0 103.211925885 138.064317425
0 294.0 107.923880219 104.81997693
1 294.0 144.096641597 68.653049323
2 294.0 102.542714714 136.734777791
0 295.0 106.848346316 105.056141094
1 295.0 145.41120043 67.447977918
2 295.0 101.873503543 135.405238157
0 296.0 105.772812413 105.292305257
1 296.0 146.725759262 66.242906513
2 296.0 101.204292372 134.075698523
0 297.0 104.69727851 105.528469421
1 297.0 148.040318095 65.037835108
2 297.0 100.535081201 132.746158889
0 298.0 103.621744607 105.764633585
1 298.0 149.354876927 63.832763703
2 298.0 99.8658700299 131.416619255
0 299.0 102.546210704 106.000797749
1 299.0 150.669435759 62.627692298
2 299.0 99.1966588588 130.087079622
0 300.0 101.470676801 106.236961912
1 300.0 151.983994592 61.422620893
2 300.0 98.5274476878 128.757539988
0 301.0 100.395142898 106.473126076
1 301.0 153.298553424 60.217549488
2 301.0 97.8582365167 127.428000354
0 302.0 99.3196089951 106.70929024
1 302.0 154.613112257 59.012478083
2 302.0 97.1890253456 126.09846072
0 303.0 98.244075092 106.945454404
1 303.0 155.927671089 57.807406678
2 303.0 96.5198141746 124.768921086
0 304.0 97.168541189 107.181618567
1 304.0 157.242229921 56.6023352729
2 304.0 95.8506030035 123.439381452
0 305.0 96.093007286 107.417782731
1 305.0 158.556788754 55.3972638679
2 305.0 95.1813918325 122.109841818
0 306.0 95.017473383 107.653946895
1 306.0 159.871347586 54.1921924629
2 306.0 94.5121806614 120.780302184
0 307.0 93.9419394799 107.890111059
1 307.0 161.185906419 52.9871210579
2 307.0 93.8429694904 119.45076255
0 308.0 92.8664055769 108.126275222
1 308.0 162.500465251 51.7820496529
2 308.0 93.1737583193 118.121222916
0 309.0 91.7908716739 108.362439386
1 309.0 162.500465251 51.7820496529
2 309.0 92.5045471482 116.791683283
0 310.0 90.7153377709 108.59860355
1 310.0 162.500465251 51.7820496529
2 310.0 91.8353359772 115.462143649
0 311.0 89.6398038678 108.834767714
1 311.0 162.500465251 51.7820496529
2 311.0 91.1661248061 114.132604015
0 312.0 88.5642699648 109.070931877
1 312.0 162.500465251 51.7820496529
2 312.0 90.4969136351 112.803064381
0 313.0 87.4887360618 109.307096041
1 313.0 162.500465251 51.7820496529
2 313.0 89.827702464 111.473524747
0 314.0 86.4132021588 109.543260205
1 314.0 162.500465251 51.7820496529
2 314.0 89.158491293 110.143985113
0 315.0 85.3376682557 109.779424369
1 315.0 161.368797396 51.7854436117
2 315.0 88.4892801219 108.814445479
0 316.0 84.2621343527 110.015588532
1 316.0 160.237129541 51.7888375704
2 316.0 87.8200689508 107.484905845
0 317.0 83.1866004497 110.251752696
1 317.0 159.105461685 51.7922315291
2 317.0 87.1508577798 106.155366211
0 318.0 82.1110665467 110.48791686
1 318.0 157.97379383 51.7956254879
2 318.0 86.4816466087 104.825826577
0 319.0 81.0355326436 110.724081024
1 319.0 156.842125975 51.7990194466
2 319.0 86.4816466087 104.825826577
0 320.0 79.9599987406 110.960245187
1 320.0 155.71045812 51.8024134053
2 320.0 86.4816466087 104.825826577
0 321.0 78.8844648376 111.196409351
1 321.0 154.578790265 51.8058073641
2 321.0 86.4816466087 104.825826577
0 322.0 77.8089309346 111.432573515
1 322.0 153.447122409 51.8092013228
2 322.0 86.4816466087 104.825826577
0 323.0 76.7333970316 111.668737679
1 323.0 152.315454554 51.8125952816
2 323.0 86.4816466087 104.825826577
0 324.0 75.6578631285 111.904901842
1 324.0 151.183786699 51.8159892403
2 324.0 86.4816466087 104.825826577
0 325.0 74.5823292255 112.141066006
1 325.0 150.052118844 51.819383199
2 325.0 86.4816466087 104.825826577
0 326.0 73.5067953225 112.37723017
1 326.0 148.920450988 51.8227771578
2 326.0 86.4816466087 104.825826577
0 327.0 72.4312614195 112.613394334
1 327.0 147.788783133 51.8261711165
2 327.0 86.4816466087 104.825826577
0 328.0 71.3557275164 112.849558497
1 328.0 146.657115278 51.8295650752
2 328.0 87.5365261873 104.048881463
0 329.0 70.2801936134 113.085722661
1 329.0 145.525447423 51.832959034
2 329.0 88.591405766 103.271936349
0 330.0 69.2046597104 113.321886825
1 330.0 144.393779568 51.8363529927
2 330.0 89.6462853446 102.494991235
0 331.0 68.1291258074 113.558050989
1 331.0 143.262111712 51.8397469514
2 331.0 90.7011649232 101.718046121
0 332.0 67.0535919043 113.794215152
1 332.0 142.130443857 51.8431409102
2 332.0 91.7560445018 100.941101007
0 333.0 65.9780580013 114.030379316
1 333.0 140.998776002 51.8465348689
2 333.0 92.8109240804 100.164155893
0 334.0 64.9025240983 114.26654348
1 334.0 139.867108147 51.8499288277
2 334.0 93.865803659 99.3872107791
0 335.0 63.8269901953 114.502707644
1 335.0 138.735440292 51.8533227864
2 335.0 94.9206832376 98.6102656651
0 336.0 62.7514562922 114.738871807
1 336.0 137.603772436 51.8567167451
2 336.0 95.9755628163 97.8333205511
0 337.0 61.6759223892 114.975035971
1 337.0 136.472104581 51.8601107039
2 337.0 97.0304423949 97.056375437
0 338.0 60.6003884862 115.211200135
1 338.0 135.340436726 51.8635046626
2 338.0 98.0853219735 96.279430323
0 339.0 60.6003884862 115.211200135
1 339.0 134.208768871 51.8668986213
2 339.0 99.1402015521 95.5024852089
0 340.0 60.6003884862 115.211200135
1 340.0 133.077101016 51.8702925801
2 340.0 99.1402015521 95.5024852089
0 341.0 60.6003884862 115.211200135
1 341.0 131.94543316 51.8736865388
2 341.0 99.1402015521 95.5024852089
0 342.0 60.6003884862 115.211200135
1 342.0 130.813765305 51.8770804975
2 342.0 99.1402015521 95.5024852089
0 343.0 60.6003884862 115.211200135
1 343.0 129.68209745 51.8804744563
2 343.0 99.1402015521 95.5024852089
0 344.0 60.6003884862 115.211200135
1 344.0 128.550429595 51.883868415
2 344.0 99.1402015521 95.5024852089
0 345.0 60.6003884862 115.211200135
1 345.0 127.41876174 51.8872623737
2 345.0 99.1402015521 95.5024852089
0 346.0 60.6003884862 115.211200135
1 346.0 126.287093884 51.8906563325
2 346.0 99.1402015521 95.5024852089
0 347.0 60.6003884862 115.211200135
1 347.0 125.155426029 51.8940502912
2 347.0 99.1402015521 95.5024852089
0 348.0 61.4601357817 113.762026838
1 348.0 124.023758174 51.89744425
2 348.0 99.1402015521 95.5024852089
0 349.0 62.3198830773 112.312853541
1 349.0 122.892090319 51.9008382087
2 349.0 97.7816364293 94.9027095391
0 350.0 63.1796303728 110.863680244
1 350.0 121.760422463 51.9042321674
2 350.0 96.4230713065 94.3029338693
0 351.0 64.0393776683 109.414506947
1 351.0 120.628754608 51.9076261262
2 351.0 95.0645061837 93.7031581995
0 352.0 64.8991249639 107.96533365
1 352.0 119.497086753 51.9110200849
2 352.0 93.7059410608 93.1033825297
0 353.0 65.7588722594 106.516160352
1 353.0 118.365418898 51.9144140436
2 353.0 92.347375938 92.50360686
0 354.0 66.618619555 105.066987055
1 354.0 117.233751043 51.9178080024
2 354.0 90.9888108152 91.9038311902
0 355.0 67.4783668505 103.617813758
1 355.0 116.102083187 51.9212019611
2 355.0 89.6302456924 91.3040555204
0 356.0 68.338114146 102.168640461
1 356.0 114.970415332 51.9245959198
2 356.0 88.2716805696 90.7042798506
0 357.0 69.1978614416 100.719467164
1 357.0 113.838747477 51.9279898786
2 357.0 86.9131154468 90.1045041808
0 358.0 70.0576087371 99.2702938671
1 358.0 112.707079622 51.9313838373
2 358.0 85.554550324 89.504728511
0 359.0 70.9173560327 97.8211205701
1 359.0 111.575411767 51.9347777961
2 359.0 84.1959852012 88.9049528412
0 360.0 71.7771033282 96.371947273
1 360.0 110.443743911 51.9381717548
2 360.0 82.8374200784 88.3051771714
0 361.0 72.6368506237 94.922773976
1 361.0 109.312076056 51.9415657135
2 361.0 81.4788549556 87.7054015016
0 362.0 73.4965979193 93.4736006789
1 362.0 108.180408201 51.9449596723
2 362.0 80.1202898327 87.1056258318
0 363.0 74.3563452148 92.0244273818
1 363.0 107.048740346 51.948353631
2 363.0 78.7617247099 86.505850162
0 364.0 75.2160925104 90.5752540848
1 364.0 105.917072491 51.9517475897
2 364.0 77.4031595871 85.9060744922
0 365.0 76.0758398059 89.1260807877
1 365.0 104.785404635 51.9551415485
2 365.0 76.0445944643 85.3062988224
0 366.0 76.9355871014 87.6769074906
1 366.0 103.65373678 51.9585355072
2 366.0 74.6860293415 84.7065231526
0 367.0 77.795334397 86.2277341936
1 367.0 102.522068925 51.9619294659
2 367.0 73.3274642187 84.1067474829
0 368.0 78.6550816925 84.7785608965
1 368.0 101.39040107 51.9653234247
2 368.0 71.9688990959 83.5069718131
0 369.0 79.5148289881 83.3293875994
1 369.0 100.258733215 51.9687173834
2 369.0 70.6103339731 82.9071961433
0 370.0 80.3745762836 81.8802143024
1 370.0 99.1270653593 51.9721113422
2 370.0 69.2517688503 82.3074204735
0 371.0 81.2343235791 80.4310410053
1 371.0 97.9953975041 51.9755053009
2 371.0 67.8932037274 81.7076448037
0 372.0 82.0940708747 78.9818677082
1 372.0 96.8637296489 51.9788992596
2 372.0 66.5346386046 81.1078691339
0 373.0 82.9538181702 77.5326944112
1 373.0 95.7320617937 51.9822932184
2 373.0 65.1760734818 80.5080934641
0 374.0 83.8135654658 76.0835211141
1 374.0 94.6003939385 51.9856871771
2 374.0 63.817508359 79.9083177943
0 375.0 84.6733127613 74.634347817
1 375.0 93.4687260833 51.9890811358
2 375.0 62.4589432362 79.3085421245
0 376.0 85.5330600568 73.18517452
1 376.0 92.3370582281 51.9924750946
2 376.0 61.1003781134 78.7087664547
0 377.0 86.3928073524 71.7360012229
1 377.0 91.2053903729 51.9958690533
2 377.0 59.7418129906 78.1089907849
0 378.0 87.2525546479 70.2868279258
1 378.0 90.0737225177 51.999263012
2 378.0 58.3832478678 77.5092151151
0 379.0 88.1123019435 68.8376546288
1 379.0 88.9420546624 52.0026569708
2 379.0 57.024682745 76.9094394453
0 380.0 88.972049239 67.3884813317
1 380.0 87.8103868072 52.0060509295
2 380.0 55.6661176222 76.3096637755
0 381.0 89.8317965346 65.9393080346
1 381.0 86.678718952 52.0094448882
2 381.0 54.3075524993 75.7098881057
0 382.0 90.6915438301 64.4901347376
1 382.0 85.5470510968 52.012838847
2 382.0 52.9489873765 75.110112436
0 383.0 91.5512911256 63.0409614405
1 383.0 84.4153832416 52.0162328057
2 383.0 52.9489873765 75.110112436
0 384.0 92.4110384212 61.5917881434
1 384.0 83.2837153864 52.0196267645
2 384.0 52.9489873765 75.110112436
0 385.0 93.2707857167 60.1426148464
1 385.0 82.1520475312 52.0230207232
2 385.0 52.9489873765 75.110112436
0 386.0 94.1305330123 58.6934415493
1 386.0 81.020379676 52.0264146819
2 386.0 52.9489873765 75.110112436
0 387.0 94.9902803078 57.2442682522
1 387.0 79.8887118208 52.0298086407
2 387.0 52.9489873765 75.110112436
0 388.0 95.8500276033 55.7950949552
1 388.0 78.7570439656 52.0332025994
2 388.0 52.9489873765 75.110112436
0 389.0 96.7097748989 54.3459216581
1 389.0 77.6253761104 52.0365965581
2 389.0 54.078170814 74.9078122107
0 390.0 97.5695221944 52.896748361
1 390.0 76.4937082552 52.0399905169
2 390.0 55.2073542514 74.7055119854
0 391.0 98.42926949 51.447575064
1 391.0 75.3620403999 52.0433844756
2 391.0 56.3365376888 74.5032117602
0 392.0 99.2890167855 49.9984017669
1 392.0 74.2303725447 52.0467784343
2 392.0 57.4657211263 74.3009115349
0 393.0 100.148764081 48.5492284698
1 393.0 74.2303725447 52.0467784343
2 393.0 58.5949045637 74.0986113096
0 394.0 101.008511377 47.1000551728
1 394.0 74.2303725447 52.0467784343
2 394.0 59.7240880012 73.8963110844
0 395.0 101.868258672 45.6508818757
1 395.0 74.2303725447 52.0467784343
2 395.0 60.8532714386 73.6940108591
0 396.0 102.728005968 44.2017085786
1 396.0 74.2303725447 52.0467784343
2 396.0 61.982454876 73.4917106339
0 397.0 103.587753263 42.7525352816
1 397.0 74.2303725447 52.0467784343
2 397.0 63.1116383135 73.2894104086
0 398.0 104.447500559 41.3033619845
1 398.0 74.2303725447 52.0467784343
2 398.0 64.2408217509 73.0871101833
0 399.0 105.307247854 39.8541886875
1 399.0 74.2303725447 52.0467784343
2 399.0 65.3700051883 72.8848099581
0 400.0 106.16699515 38.4050153904
1 400.0 74.2303725447 52.0467784343
2 400.0 66.4991886258 72.6825097328
0 401.0 107.026742445 36.9558420933
1 401.0 74.2303725447 52.0467784343
2 401.0 67.6283720632 72.4802095076
0 402.0 107.886489741 35.5066687963
1 402.0 74.2303725447 52.0467784343
2 402.0 68.7575555007 72.2779092823
0 403.0 108.746237036 34.0574954992
1 403.0 74.2303725447 52.0467784343
2 403.0 69.8867389381 72.075609057
0 404.0 109.605984332 32.6083222021
1 404.0 75.2091314295 53.1078039335
2 404.0 71.0159223755 71.8733088318
0 405.0 109.605984332 32.6083222021
1 405.0 76.1878903143 54.1688294326
2 405.0 72.145105813 71.6710086065
0 406.0 109.605984332 32.6083222021
1 406.0 77.166649199 55.2298549317
2 406.0 73.2742892504 71.4687083813
0 407.0 109.605984332 32.6083222021
1 407.0 78.1454080838 56.2908804308
2 407.0 74.4034726879 71.266408156
0 408.0 109.605984332 32.6083222021
1 408.0 79.1241669686 57.3519059299
2 408.0 75.5326561253 71.0641079307
0 409.0 109.605984332 32.6083222021
1 409.0 80.1029258533 58.412931429
2 409.0 76.6618395627 70.8618077055
0 410.0 109.605984332 32.6083222021
1 410.0 81.0816847381 59.4739569281
2 410.0 77.7910230002 70.6595074802
0 411.0 109.605984332 32.6083222021
1 411.0 82.0604436229 60.5349824272
2 411.0 78.9202064376 70.457207255
0 412.0 109.605984332 32.6083222021
1 412.0 83.0392025076 61.5960079263
2 412.0 80.049389875 70.2549070297
0 413.0 109.605984332 32.6083222021
1 413.0 84.0179613924 62.6570334254
2 413.0 81.1785733125 70.0526068044
0 414.0 109.605984332 32.6083222021
1 414.0 84.9967202772 63.7180589245
2 414.0 82.3077567499 69.8503065792
0 415.0 109.605984332 32.6083222021
1 415.0 85.9754791619 64.7790844236
2 415.0 83.4369401874 69.6480063539
0 416.0 111.253569144 32.0373393308
1 416.0 86.9542380467 65.8401099227
2 416.0 84.5661236248 69.4457061287
0 417.0 112.901153956 31.4663564594
1 417.0 87.9329969315 66.9011354219
2 417.0 85.6953070622 69.2434059034
0 418.0 114.548738768 30.895373588
1 418.0 88.9117558162 67.962160921
2 418.0 86.8244904997 69.0411056781
0 419.0 116.19632358 30.3243907166
1 419.0 89.890514701 69.0231864201
2 419.0 87.9536739371 68.8388054529
0 420.0 117.843908392 29.7534078453
1 420.0 90.8692735858 70.0842119192
2 420.0 89.0828573745 68.6365052276
0 421.0 119.491493204 29.1824249739
1 421.0 91.8480324705 71.1452374183
2 421.0 90.212040812 68.4342050024
0 422.0 121.139078016 28.6114421025
1 422.0 92.8267913553 72.2062629174
2 422.0 91.3412242494 68.2319047771
0 423.0 122.786662828 28.0404592312
1 423.0 93.8055502401 73.2672884165
2 423.0 92.4704076869 68.0296045518
0 424.0 124.43424764 27.4694763598
1 424.0 94.7843091248 74.3283139156
2 424.0 93.5995911243 67.8273043266
0 425.0 126.081832452 26.8984934884
1 425.0 95.7630680096 75.3893394147
2 425.0 94.7287745617 67.6250041013
0 426.0 127.729417264 26.3275106171
1 426.0 96.7418268944 76.4503649138
2 426.0 95.8579579992 67.422703876
0 427.0 129.377002076 25.7565277457
1 427.0 97.7205857791 77.5113904129
2 427.0 96.9871414366 67.2204036508
0 428.0 131.024586888 25.1855448743
1 428.0 98.6993446639 78.572415912
2 428.0 98.1163248741 67.0181034255
0 429.0 132.6721717 24.614562003
1 429.0 99.6781035487 79.6334414111
2 429.0 99.2455083115 66.8158032003
0 430.0 134.319756512 24.0435791316
1 430.0 100.656862433 80.6944669102
2 430.0 100.374691749 66.613502975
0 431.0 135.967341324 23.4725962602
1 431.0 101.635621318 81.7554924094
2 431.0 101.503875186 66.4112027497
0 432.0 137.614926137 22.9016133889
1 432.0 102.614380203 82.8165179085
2 432.0 102.633058624 66.2089025245
0 433.0 139.262510949 22.3306305175
1 433.0 103.593139088 83.8775434076
2 433.0 103.762242061 66.0066022992
0 434.0 140.910095761 21.7596476461
1 434.0 104.571897972 84.9385689067
2 434.0 104.891425499 65.804302074
0 435.0 142.557680573 21.1886647748
1 435.0 105.550656857 85.9995944058
2 435.0 106.020608936 65.6020018487
0 436.0 144.205265385 20.6176819034
1 436.0 106.529415742 87.0606199049
2 436.0 107.149792374 65.3997016234
0 437.0 145.852850197 20.046699032
1 437.0 107.508174627 88.121645404
2 437.0 108.278975811 65.1974013982
0 438.0 147.500435009 19.4757161606
1 438.0 108.486933512 89.1826709031
2 438.0 109.408159248 64.9951011729
0 439.0 149.148019821 18.9047332893
1 439.0 108.486933512 89.1826709031
2 439.0 110.537342686 64.7928009477
0 440.0 150.795604633 18.3337504179
1 440.0 108.486933512 89.1826709031
2 440.0 111.666526123 64.5905007224
0 441.0 152.443189445 17.7627675465
1 441.0 108.486933512 89.1826709031
2 441.0 112.795709561 64.3882004971
0 442.0 154.090774257 17.1917846752
1 442.0 108.486933512 89.1826709031
2 442.0 113.924892998 64.1859002719
0 443.0 155.738359069 16.6208018038
1 443.0 108.486933512 89.1826709031
2 443.0 115.054076436 63.9836000466
0 444.0 157.385943881 16.0498189324
1 444.0 108.486933512 89.1826709031
2 444.0 116.183259873 63.7812998214
0 445.0 159.033528693 15.4788360611
1 445.0 109.484926488 87.9109753441
2 445.0 117.312443311 63.5789995961
0 446.0 160.681113505 14.9078531897
1 446.0 110.482919465 86.6392797851
2 446.0 118.441626748 63.3766993708
0 447.0 162.328698317 14.3368703183
1 447.0 111.480912442 85.3675842261
2 447.0 119.570810185 63.1743991456
0 448.0 163.976283129 13.765887447
1 448.0 112.478905419 84.095888667
2 448.0 120.699993623 62.9720989203
0 449.0 165.623867941 13.1949045756
1 449.0 113.476898396 82.824193108
2 449.0 121.82917706 62.7697986951
0 450.0 167.271452753 12.6239217042
1 450.0 114.474891373 81.552497549
2 450.0 122.958360498 62.5674984698
0 451.0 168.919037565 12.0529388329
1 451.0 115.47288435 80.28080199
2 451.0 124.087543935 62.3651982445
0 452.0 170.566622377 11.4819559615
1 452.0 116.470877327 79.009106431
2 452.0 125.216727373 62.1628980193
0 453.0 172.214207189 10.9109730901
1 453.0 117.468870304 77.737410872
2 453.0 126.34591081 61.960597794
0 454.0 173.861792001 10.3399902187
1 454.0 118.466863281 76.465715313
2 454.0 127.475094247 61.7582975687
0 455.0 175.509376813 9.76900734738
1 455.0 119.464856258 75.1940197539
2 455.0 128.604277685 61.5559973435
0 456.0 175.509376813 9.76900734738
1 456.0 120.462849235 73.9223241949
2 456.0 129.733461122 61.3536971182
0 457.0 175.509376813 9.76900734738
1 457.0 121.460842212 72.6506286359
2 457.0 130.86264456 61.151396893
0 458.0 175.509376813 9.76900734738
1 458.0 122.458835189 71.3789330769
2 458.0 130.86264456 61.151396893
0 459.0 175.509376813 9.76900734738
1 459.0 123.456828165 70.1072375179
2 459.0 130.86264456 61.151396893
0 460.0 175.509376813 9.76900734738
1 460.0 124.454821142 68.8355419589
2 460.0 130.86264456 61.151396893
0 461.0 175.509376813 9.76900734738
1 461.0 125.452814119 67.5638463998
2 461.0 130.86264456 61.151396893
0 462.0 175.509376813 9.76900734738
1 462.0 126.450807096 66.2921508408
2 462.0 130.86264456 61.151396893
0 463.0 175.509376813 9.76900734738
1 463.0 127.448800073 65.0204552818
2 463.0 130.86264456 61.151396893
0 464.0 175.509376813 9.76900734738
1 464.0 128.44679305 63.7487597228
2 464.0 130.86264456 61.151396893
0 465.0 175.509376813 9.76900734738
1 465.0 129.444786027 62.4770641638
2 465.0 130.86264456 61.151396893
0 466.0 175.509376813 9.76900734738
1 466.0 130.442779004 61.2053686048
2 466.0 130.86264456 61.151396893
0 467.0 174.40278345 10.6053077475
1 467.0 131.440771981 59.9336730458
2 467.0 130.86264456 61.151396893
0 468.0 173.296190086 11.4416081475
1 468.0 132.438764958 58.6619774867
2 468.0 130.86264456 61.151396893
0 469.0 172.189596722 12.2779085476
1 469.0 133.436757935 57.3902819277
2 469.0 130.146268296 62.0023960444
0 470.0 171.083003358 13.1142089477
1 470.0 134.434750912 56.1185863687
2 470.0 129.429892032 62.8533951959
0 471.0 169.976409995 13.9505093478
1 471.0 135.432743889 54.8468908097
2 471.0 128.713515768 63.7043943474
0 472.0 168.869816631 14.7868097479
1 472.0 136.430736866 53.5751952507
2 472.0 127.997139504 64.5553934989
0 473.0 167.763223267 15.623110148
1 473.0 137.428729842 52.3034996917
2 473.0 127.28076324 65.4063926504
0 474.0 166.656629904 16.4594105481
1 474.0 138.426722819 51.0318041326
2 474.0 126.564386976 66.2573918019
0 475.0 165.55003654 17.2957109481
1 475.0 139.424715796 49.7601085736
2 475.0 125.848010712 67.1083909533
0 476.0 164.443443176 18.1320113482
1 476.0 140.422708773 48.4884130146
2 476.0 125.131634448 67.9593901048
0 477.0 163.336849813 18.9683117483
1 477.0 141.42070175 47.2167174556
2 477.0 124.415258184 68.8103892563
0 478.0 162.230256449 19.8046121484
1 478.0 142.418694727 45.9450218966
2 478.0 123.69888192 69.6613884078
0 479.0 161.123663085 20.6409125485
1 479.0 143.416687704 44.6733263376
2 479.0 122.982505656 70.5123875593
0 480.0 160.017069722 21.4772129486
1 480.0 144.414680681 43.4016307786
2 480.0 122.266129392 71.3633867107
0 481.0 158.910476358 22.3135133487
1 481.0 145.412673658 42.1299352195
2 481.0 121.549753128 72.2143858622
0 482.0 157.803882994 23.1498137487
1 482.0 146.410666635 40.8582396605
2 482.0 120.833376865 73.0653850137
0 483.0 156.697289631 23.9861141488
1 483.0 147.408659612 39.5865441015
2 483.0 120.117000601 73.9163841652
0 484.0 155.590696267 24.8224145489
1 484.0 148.406652589 38.3148485425
2 484.0 119.400624337 74.7673833167
0 485.0 154.484102903 25.658714949
1 485.0 149.404645566 37.0431529835
2 485.0 118.684248073 75.6183824681
0 486.0 153.377509539 26.4950153491
1 486.0 150.402638543 35.7714574245
2 486.0 117.967871809 76.4693816196
0 487.0 152.270916176 27.3313157492
1 487.0 151.400631519 34.4997618654
2 487.0 117.251495545 77.3203807711
0 488.0 151.164322812 28.1676161492
1 488.0 152.398624496 33.2280663064
2 488.0 116.535119281 78.1713799226
0 489.0 150.057729448 29.0039165493
1 489.0 153.396617473 31.9563707474
2 489.0 115.818743017 79.0223790741
0 490.0 148.951136085 29.8402169494
1 490.0 154.39461045 30.6846751884
2 490.0 115.102366753 79.8733782256
0 491.0 147.844542721 30.6765173495
1 491.0 155.392603427 29.4129796294
2 491.0 114.385990489 80.724377377
0 492.0 146.737949357 31.5128177496
1 492.0 156.390596404 28.1412840704
2 492.0 113.669614225 81.5753765285
0 493.0 145.631355994 32.3491181497
1 493.0 157.388589381 26.8695885114
2 493.0 112.953237961 82.42637568
0 494.0 144.52476263 33.1854185498
1 494.0 158.386582358 25.5978929523
2 494.0 112.236861697 83.2773748315
0 495.0 143.418169266 34.0217189498
1 495.0 159.384575335 24.3261973933
2 495.0 111.520485433 84.128373983
0 496.0 142.311575903 34.8580193499
1 496.0 160.382568312 23.0545018343
2 496.0 110.804109169 84.9793731344
0 497.0 141.204982539 35.69431975
1 497.0 161.380561289 21.7828062753
2 497.0 110.087732905 85.8303722859
0 498.0 140.098389175 36.5306201501
1 498.0 161.380561289 21.7828062753
2 498.0 109.371356641 86.6813714374
0 499.0 138.991795811 37.3669205502
1 499.0 161.380561289 21.7828062753
2 499.0 108.654980377 87.5323705889
0 500.0 137.885202448 38.2032209503
1 500.0 161.380561289 21.7828062753
2 500.0 107.938604113 88.3833697404
0 501.0 136.778609084 39.0395213504
1 501.0 161.380561289 21.7828062753
2 501.0 107.22222785 89.2343688919
0 502.0 135.67201572 39.8758217504
1 502.0 161.380561289 21.7828062753
2 502.0 106.505851586 90.0853680433
0 503.0 134.565422357 40.7121221505
1 503.0 161.380561289 21.7828062753
2 503.0 105.789475322 90.9363671948
0 504.0 133.458828993 41.5484225506
1 504.0 161.380561289 21.7828062753
2 504.0 105.073099058 91.7873663463
0 505.0 132.352235629 42.3847229507
1 505.0 159.63077611 21.7592087526
2 505.0 104.356722794 92.6383654978
0 506.0 131.245642266 43.2210233508
1 506.0 157.880990931 21.73561123
2 506.0 103.64034653 93.4893646493
0 507.0 130.139048902 44.0573237509
1 507.0 156.131205753 21.7120137073
2 507.0 102.923970266 94.3403638007
0 508.0 129.032455538 44.8936241509
1 508.0 154.381420574 21.6884161847
2 508.0 102.207594002 95.1913629522
0 509.0 127.925862175 45.729924551
1 509.0 152.631635395 21.664818662
2 509.0 101.491217738 96.0423621037
0 510.0 126.819268811 46.5662249511
1 510.0 150.881850216 21.6412211394
2 510.0 100.774841474 96.8933612552
0 511.0 125.712675447 47.4025253512
1 511.0 149.132065038 21.6176236167
2 511.0 100.05846521 97.7443604067
0 512.0 124.606082084 48.2388257513
1 512.0 147.382279859 21.5940260941
2 512.0 99.3420889461 98.5953595581
0 513.0 123.49948872 49.0751261514
1 513.0 145.63249468 21.5704285714
2 513.0 98.6257126822 99.4463587096
0 514.0 122.392895356 49.9114265515
1 514.0 143.882709502 21.5468310488
2 514.0 97.9093364182 100.297357861
0 515.0 121.286301992 50.7477269515
1 515.0 142.132924323 21.5232335261
2 515.0 97.9093364182 100.297357861
0 516.0 120.179708629 51.5840273516
1 516.0 140.383139144 21.4996360035
2 516.0 97.9093364182 100.297357861
0 517.0 119.073115265 52.4203277517
1 517.0 138.633353965 21.4760384808
2 517.0 97.9093364182 100.297357861
0 518.0 117.966521901 53.2566281518
1 518.0 136.883568787 21.4524409582
2 518.0 97.9093364182 100.297357861
0 519.0 116.859928538 54.0929285519
1 519.0 135.133783608 21.4288434355
2 519.0 97.9093364182 100.297357861
0 520.0 115.753335174 54.929228952
1 520.0 133.383998429 21.4052459129
2 520.0 97.9093364182 100.297357861
0 521.0 114.64674181 55.7655293521
1 521.0 131.634213251 21.3816483902
2 521.0 97.9093364182 100.297357861
0 522.0 113.540148447 56.6018297521
1 522.0 129.884428072 21.3580508676
2 522.0 97.9093364182 100.297357861
0 523.0 112.433555083 57.4381301522
1 523.0 128.134642893 21.3344533449
2 523.0 97.9093364182 100.297357861
0 524.0 111.326961719 58.2744305523
1 524.0 126.384857714 21.3108558223
2 524.0 99.4718373057 99.301507052
0 525.0 110.220368356 59.1107309524
1 525.0 124.635072536 21.2872582996
2 525.0 101.034338193 98.3056562429
0 526.0 109.113774992 59.9470313525
1 526.0 122.885287357 21.263660777
2 526.0 102.596839081 97.3098054338
0 527.0 108.007181628 60.7833317526
1 527.0 121.135502178 21.2400632543
2 527.0 104.159339968 96.3139546246
0 528.0 106.900588264 61.6196321526
1 528.0 119.385717 21.2164657317
2 528.0 105.721840855 95.3181038155
0 529.0 105.793994901 62.4559325527
1 529.0 117.635931821 21.192868209
2 529.0 107.284341743 94.3222530064
0 530.0 104.687401537 63.2922329528
1 530.0 115.886146642 21.1692706864
2 530.0 108.84684263 93.3264021973
0 531.0 103.580808173 64.1285333529
1 531.0 114.136361463 21.1456731637
2 531.0 110.409343518 92.3305513882
0 532.0 102.47421481 64.964833753
1 532.0 112.386576285 21.122075641
2 532.0 111.971844405 91.334700579
0 533.0 101.367621446 65.8011341531
1 533.0 110.636791106 21.0984781184
2 533.0 113.534345293 90.3388497699
0 534.0 100.261028082 66.6374345532
1 534.0 108.887005927 21.0748805957
2 534.0 115.09684618 89.3429989608
0 535.0 99.1544347186 67.4737349532
1 535.0 107.137220749 21.0512830731
2 535.0 116.659347068 88.3471481517
0 536.0 98.047841355 68.3100353533
1 536.0 105.38743557 21.0276855504
2 536.0 118.221847955 87.3512973426
0 537.0 96.9412479913 69.1463357534
1 537.0 103.637650391 21.0040880278
2 537.0 119.784348843 86.3554465334
0 538.0 95.8346546276 69.9826361535
1 538.0 101.887865212 20.9804905051
2 538.0 121.34684973 85.3595957243
0 539.0 94.7280612639 70.8189365536
1 539.0 100.138080034 20.9568929825
2 539.0 122.909350617 84.3637449152
0 540.0 93.6214679002 71.6552369537
1 540.0 98.388294855 20.9332954598
2 540.0 124.471851505 83.3678941061
0 541.0 92.5148745365 72.4915373538
1 541.0 96.6385096763 20.9096979372
2 541.0 126.034352392 82.372043297
0 542.0 91.4082811728 73.3278377538
1 542.0 94.8887244976 20.8861004145
2 542.0 127.59685328 81.3761924879
0 543.0 90.3016878091 74.1641381539
1 543.0 93.1389393189 20.8625028919
2 543.0 129.159354167 80.3803416787
0 544.0 89.1950944454 75.000438554
1 544.0 91.3891541401 20.8389053692
2 544.0 130.721855055 79.3844908696
0 545.0 88.0885010817 75.8367389541
1 545.0 89.6393689614 20.8153078466
2 545.0 132.284355942 78.3886400605
0 546.0 86.9819077181 76.6730393542
1 546.0 87.8895837827 20.7917103239
2 546.0 133.84685683 77.3927892514
0 547.0 85.8753143544 77.5093397543
1 547.0 86.139798604 20.7681128013
2 547.0 135.409357717 76.3969384423
0 548.0 84.7687209907 78.3456401543
1 548.0 84.3900134253 20.7445152786
2 548.0 136.971858605 75.4010876331
0 549.0 83.662127627 79.1819405544
1 549.0 82.6402282466 20.720917756
2 549.0 138.534359492 74.405236824
0 550.0 82.5555342633 80.0182409545
1 550.0 80.8904430678 20.6973202333
2 550.0 140.096860379 73.4093860149
0 551.0 81.4489408996 80.8545413546
1 551.0 79.1406578891 20.6737227107
2 551.0 141.659361267 72.4135352058
0 552.0 80.3423475359 81.6908417547
1 552.0 77.3908727104 20.650125188
2 552.0 141.659361267 72.4135352058
0 553.0 79.2357541722 82.5271421548
1 553.0 75.6410875317 20.6265276654
2 553.0 141.659361267 72.4135352058
0 554.0 78.1291608085 83.3634425549
1 554.0 73.891302353 20.6029301427
2 554.0 141.659361267 72.4135352058
0 555.0 77.0225674449 84.1997429549
1 555.0 72.1415171743 20.5793326201
2 555.0 141.659361267 72.4135352058
0 556.0 75.9159740812 85.036043355
1 556.0 70.3917319956 20.5557350974
2 556.0 141.659361267 72.4135352058
0 557.0 74.8093807175 85.8723437551
1 557.0 68.6419468168 20.5321375748
2 557.0 141.659361267 72.4135352058
0 558.0 73.7027873538 86.7086441552
1 558.0 66.8921616381 20.5085400521
2 558.0 141.659361267 72.4135352058
0 559.0 72.5961939901 87.5449445553
1 559.0 65.1423764594 20.4849425295
2 559.0 142.544901492 73.64708551
0 560.0 71.4896006264 88.3812449554
1 560.0 63.3925912807 20.4613450068
2 560.0 143.430441718 74.8806358141
0 561.0 70.3830072627 89.2175453555
1 561.0 61.642806102 20.4377474842
2 561.0 144.315981944 76.1141861183
0 562.0 69.276413899 90.0538457555
1 562.0 59.8930209233 20.4141499615
2 562.0 145.201522169 77.3477364225
0 563.0 68.1698205353 90.8901461556
1 563.0 58.1432357445 20.3905524389
2 563.0 146.087062395 78.5812867267
0 564.0 67.0632271716 91.7264465557
1 564.0 56.3934505658 20.3669549162
2 564.0 146.97260262 79.8148370308
0 565.0 65.956633808 92.5627469558
1 565.0 54.6436653871 20.3433573935
2 565.0 147.858142846 81.048387335
0 566.0 64.8500404443 93.3990473559
1 566.0 52.8938802084 20.3197598709
2 566.0 148.743683071 82.2819376392
0 567.0 63.7434470806 94.235347756
1 567.0 51.1440950297 20.2961623482
2 567.0 149.629223297 83.5154879434
0 568.0 62.6368537169 95.071648156
1 568.0 49.394309851 20.2725648256
2 568.0 150.514763522 84.7490382476
0 569.0 61.5302603532 95.9079485561
1 569.0 47.6445246723 20.2489673029
2 569.0 151.400303748 85.9825885517
0 570.0 60.4236669895 96.7442489562
1 570.0 45.8947394935 20.2253697803
2 570.0 152.285843974 87.2161388559
0 571.0 59.3170736258 97.5805493563
1 571.0 44.1449543148 20.2017722576
2 571.0 153.171384199 88.4496891601
0 572.0 58.2104802621 98.4168497564
1 572.0 42.3951691361 20.178174735
2 572.0 154.056924425 89.6832394643
0 573.0 57.1038868984 99.2531501565
1 573.0 40.6453839574 20.1545772123
2 573.0 154.94246465 90.9167897684
0 574.0 55.9972935347 100.089450557
1 574.0 38.8955987787 20.1309796897
2 574.0 155.828004876 92.1503400726
0 575.0 54.8907001711 100.925750957
1 575.0 37.1458136 20.107382167
2 575.0 156.713545101 93.3838903768
0 576.0 53.7841068074 101.762051357
1 576.0 35.3960284212 20.0837846444
2 576.0 157.599085327 94.617440681
0 577.0 52.6775134437 102.598351757
1 577.0 33.6462432425 20.0601871217
2 577.0 158.484625552 95.8509909851
0 578.0 51.57092008 103.434652157
1 578.0 31.8964580638 20.0365895991
2 578.0 159.370165778 97.0845412893
0 579.0 50.4643267163 104.270952557
1 579.0 30.1466728851 20.0129920764
2 579.0 160.255706003 98.3180915935
0 580.0 49.3577333526 105.107252957
1 580.0 28.3968877064 19.9893945538
2 580.0 161.141246229 99.5516418977
0 581.0 48.2511399889 105.943553357
1 581.0 26.6471025277 19.9657970311
2 581.0 162.026786455 100.785192202
0 582.0 47.1445466252 106.779853757
1 582.0 24.897317349 19.9421995085
2 582.0 162.91232668 102.018742506
0 583.0 46.0379532615 107.616154157
1 583.0 23.1475321702 19.9186019858
2 583.0 163.797866906 103.25229281
0 584.0 44.9313598979 108.452454557
1 584.0 21.3977469915 19.8950044632
2 584.0 164.683407131 104.485843114
0 585.0 43.8247665342 109.288754957
1 585.0 19.6479618128 19.8714069405
2 585.0 165.568947357 105.719393419
0 586.0 42.7181731705 110.125055358
1 586.0 17.8981766341 19.8478094179
2 586.0 166.454487582 106.952943723
0 587.0 41.6115798068 110.961355758
1 587.0 16.1483914554 19.8242118952
2 587.0 167.340027808 108.186494027
0 588.0 40.5049864431 111.797656158
1 588.0 14.3986062767 19.8006143726
2 588.0 168.225568033 109.420044331
0 589.0 39.3983930794 112.633956558
1 589.0 12.6488210979 19.7770168499
2 589.0 169.111108259 110.653594635
0 590.0 38.2917997157 113.470256958
1 590.0 10.8990359192 19.7534193273
2 590.0 169.996648485 111.887144939
0 591.0 37.185206352 114.306557358
1 591.0 9.14925074051 19.7298218046
2 591.0 170.88218871 113.120695244
0 592.0 36.0786129883 115.142857758
1 592.0 7.3994655618 19.706224282
2 592.0 171.767728936 114.354245548
0 593.0 34.9720196246 115.979158158
1 593.0 5.64968038308 19.6826267593
2 593.0 172.653269161 115.587795852
0 594.0 33.865426261 116.815458558
1 594.0 3.89989520437 19.6590292367
2 594.0 173.538809387 116.821346156
0 595.0 32.7588328973 117.651758958
1 595.0 3.89989520437 19.6590292367
2 595.0 174.424349612 118.05489646
0 596.0 31.6522395336 118.488059358
1 596.0 3.89989520437 19.6590292367
2 596.0 175.309889838 119.288446765
0 597.0 30.5456461699 119.324359759
1 597.0 3.89989520437 19.6590292367
2 597.0 176.195430063 120.521997069
0 598.0 29.4390528062 120.160660159
1 598.0 3.89989520437 19.6590292367
2 598.0 177.080970289 121.755547373
0 599.0 28.3324594425 120.996960559
1 599.0 3.89989520437 19.6590292367
2 599.0 177.966510514 122.989097677
